2002
2003
2004
2005
2007
2008
2009
2010.1
2010.2
2011
2012
2013
2014
2015
2016
2017
2018
2019
2020
2021
2021.1
2022
2023
2024
2025
2026
2027
2027.1
2028
2029
2030
2030.1
2031
2032
2033
2034
2035
2101
2101.1
2101.2
2102
2102.1
2103
2104
2105.1
2106.1
2107
2108
2109
2110
2111
2111.1
2112
2113
2113.1
2114
2114.1
2115
2115.1
2116
2117
2118
2119
2120
2121
2122
2123
2124
2124.1
2125
2126
2126.1
2127
2128
2129
2130
2131
2132
2133
2134
2135
2136
2137
2137.1
2138
2139
2140
2141
2182
2201
2202
2203
2204
2205
2208
2209
2210
2211
2212
2213
2214
2215
2216
2217
2218
2301
2302
2303
2304
2305
2306
2307
2308.1
2309.1
2310.1
2311.1
2311.2
2313.1
2313.2
2313.3
2313.4
2313.5
2313.6
2314.1
2314.2
2322
2323
2324
2325
2326
2327
2328
2329
2330
2401
2402.1
2403.1
2501
2502
2503
2504
2505
2505.1
2506
2507
2508
2509.1
2510
2511
2512
2513
2601.1
2601.2
2602.1
2602.2
2602.3
2603
2604
2605
2606
2607
2608
2609
2610
2610.1
2610.2
2701
2701.1
2702
2703
2704
2705
2706
2707
2708
2709
2710
2711
2712
2713
2713.1
2714
2715
2716
2717
2801
2802
2803
2804
2805
2806
2806.1
2901
2902
2902.1
2903
2904
2904.1
2905
2906
2908
2908.1
2909
2910
2910.1
2911
2912
2913
2913.1
2913.2
2913.3
2913.4
2914
2914.1
2915
2917
2918
2918.1
2919.1
2920.1
2921
2921.1
2922
2924
2925
2926
2927
2927.1
2928
2929
2929.1
2930
2931
2932
2933
2934
5010
5011
5012
5013
5014
5015
7001
7001.1
7001.2
7001.3
7002A
7002B
7002.1
7003.1
7004
7005
7006
7006.1
7007.1
7008
7009
7010.1
7011
7011.1
7012
7013
7014
7015
7016
7017
7018
7018.1
7019
7020
7021
7022
7023
7024
7025
7026
7027
7028
7029
7030
7031
7032
7101.1
7102
7103
7104
7105
7201
7201.1
7202
7203
7203.1
7204
7205
7206
7207
7208
7209
7210
7211.1
7212
7213
7214
7215
7216
7217
7218
7220
7221
7230
7231
7232
7233
7234
7235
7236
7237
7238
7239
7240
7241
7242
7250
7251
7252
7253
7254
7255
7256
7260
7261
7262
7263
7264
7270
7271
7272
7274
7275
7280
7281
7282
7283
7283.1
7284
7284.1
7285
7286
7287
7288
7290
7291
7292
7293
7294
7301
7302
7303
7304
7305
7306
7307
7402
7403
7404
T1
T2
T3
T4
T5
T6
T7
T8
T9
T10
T11
T12
T101
T102
T103
T104
T105
T106
T107
T108
T109
T110
T111
T112
T113
T114
T115
T116
T117
T118
T119
T120
T121
T122
T123
T124
T125
T126
T127
T128
T129
T130
T131
T132
T133
T134
T135
T136
T137
T138
T139
T140
T141
T142
T143
T144
T145
T146
T147
T148
T149
T150
T151
T152
T153
T154
T155
T156
T157
T158
T159
T160
T161
T162
T163
T164
T201
T202
T203
T204
T205
T301.1
T302
T303
T304
T401
T402
T403
501
502
503
504.1
505.1
506.1
507.1
508.1
509.1
510
511
512
512.1
512.2
513
513.1
513.2
515
516
517
518
519
520
521
522
523.1
524.1
525
526
527
528
528.1
529
529.1
530
530.1
530.2
531.1
531.2
543
543.1
544
544.1
544.2
545
546
547.1
547.2
547.3
547.4
547.7
547.8
548
548.1
549
550
550.1
550.1
551
551.1
551.2
552
553
553.1
553.2
554
554.1
554.2
554.3
555
555.1
556
556.1
556.2
557
557.1
557.2
557.3
557.4
558
558.1
558.2
559
562
563
563.1
570
572
573
574
575
581
582
583
583.1
584
584.1
601.1
602
606
607
608
609
610
611
611.1
612
613
614
615
615.1
616
617
618
618.1
618.2
618.3
618.3A
618.4
619
619.1
619.2
620
620.1
622.1A
622.2
622.4
622.5
622.6
622.7
622.8
622.9
625.1
626.2A
627.1
629
629A
629.1
629.2
629.2A
632
633
636
636.1
636.2
637.1
637.2
637.3
638
638.1
639
639.1B
640
640.1
640.2A
640.3
640.4
640.5
642
642.2A
642.3
645
646
647
650.1
650.2
650.3
651
652
660
660.3
660.4
660.5
660.6
660.7
661A
661.1
661.2A
661.3A
661.4
662
663
663.1
664
665
666
667
667.1
667.2
668
668.1
668.2
670
671
672
673
674
675
770
771
772
773
774
775
776
777
778
778.1
779
780A
780.1A
780.2A
782
783
784.1
785.1
786
787
788
789
789.1
789.2
790
801
804.1
804.2
804.3
804.4
810
811
811.1
814.1
814.2
814.3
814.4
816
816.1
817
817.2
818
818.1
818.1A
818.2
818.3
818.4
820
820.1
821
822
823
824
825
826
826.1
827.1
827.2
827.3
829.1
829.2
829.3
829.4
829.5
829.6
830
830.1
830.2
830.3
831
831.2
832
832.1A
832.2A
832.3
832.4
832.5
832.6
832.7
832.8
832.9
832.10A
833
834
835
836
857
857.1
864.1
865
868
868.1
872.1
873
874
875
876
877
878
879
880
881
882
883
950
950.1
951
952
953
953.1
953.2
953.3
954
954.2
954.3
954.4
954.5
954.6
954.7
955
956
957
958
958.1
959
959.1
960
960.1
961
962
962.1
962.2
963
963.1
963.2
963.3
964
965
966
967
968
968.1
969
970
971
972
973.2
973.3
974
975
976
867
2703.1
2000
7033
554.4
884
977
820.2
554.5
7276
7277
7034
